11f3564f-7e44-4636-9ef3-7471f2ec2ff9 12/47/2021 1 11 94 22 68 63
0d5debb3-a0fc-48e0-aab5-419b593b4633 12/47/2021 3 29 39 34 5 93
bac0db2c-5724-4a13-aed2-d7141af1fe2c 12/47/2021 1 87 60 25 21 57
c84027a9-9262-4d8b-838b-fe71cf0a3b29 12/47/2021 2 44 65 54 84 28
4f887237-aae4-4df2-b49c-76c966436923 12/47/2021 3 85 3 96 15 80
80ec59ac-e8db-43cf-a241-1d272100c557 12/47/2021 3 16 67 49 66 12
c132346b-ccd1-46fd-9a4f-d6e9d73dffea 12/48/2021 3 31 65 35 41 95
50c756ec-09ea-45d5-99c8-0d9d90e7c7b8 12/48/2021 1 12 90 7 80 64
cbeddfd3-7a11-410b-8f20-71f1f67eb21a 12/48/2021 2 24 49 13 78 83
d03a74c5-4e4b-440e-83c8-cae4cdc40d05 12/48/2021 2 93 92 91 2 34
d87eaea2-a88e-4062-aa62-7c7cc901c3fc 12/48/2021 3 23 38 40 54 73
8f52ef83-ecac-4875-b847-c5bf4079d53d 12/48/2021 3 55 27 19 18 71
55f1405a-d370-4dce-aca4-2b5941530503 12/48/2021 2 30 5 89 60 21
aa15d140-599c-416c-aca1-ec50da3077c2 12/48/2021 1 65 71 91 91 33
968d762f-d050-4c14-abc0-5943013b6883 12/48/2021 2 9 61 77 20 87
bddad13f-cbc8-40d4-aefa-b7cb0fc404c0 12/48/2021 3 70 28 70 20 87
e724d3ae-13cc-40d3-8df0-74d2e96e88ae 12/48/2021 1 55 20 38 13 72
022c535c-50ba-46ba-9245-6cefe35dc5c7 12/48/2021 3 81 99 78 59 97
a124e276-51cd-4276-9fb1-1ad0ed7c3199 12/48/2021 3 9 9 79 24 48
487ce377-03c1-422c-a649-193a8ed0dead 12/48/2021 1 48 96 73 42 4
4484c985-c14f-4305-b626-166dc8d0547c 12/48/2021 1 1 56 44 70 70
3e889251-77da-466e-becf-08b088790af2 12/48/2021 1 24 15 82 84 79
3235acdd-9c44-41cb-aa18-dc23699d94b8 12/48/2021 2 53 18 73 4 38
78e357a4-e239-4346-934f-35c27213627e 12/48/2021 2 32 99 3 17 27
504722ba-b134-48a2-aa29-8deda80c4210 12/49/2021 2 25 50 58 46 51
f63983cd-269e-47b1-80d8-7a45882f9a1d 12/49/2021 3 82 83 61 63 75
ce731c96-2fe3-435f-b3de-af377b73bb35 12/49/2021 2 41 98 41 70 74
93f857d1-b529-4b5e-b89a-89f04409dc9c 12/49/2021 3 51 13 50 22 74
e5061bab-68fa-46ce-a452-e0c3a0b84b9f 12/49/2021 1 27 27 46 66 66
45094b6a-3eb9-4d20-9ca4-007abb3b6062 12/50/2021 3 92 46 30 72 86
23a57a50-03b6-491c-adbf-d5c4b97a89c6 12/50/2021 3 84 10 57 25 37
780f29ea-ab53-45e5-a364-a88c24b17b8c 12/50/2021 1 59 59 43 86 18
5439d69e-78a0-4a15-8bb8-c77e5752b9cf 12/50/2021 3 21 90 4 64 6
7640f6d5-b2c5-4581-af34-a1282128cb22 12/50/2021 3 94 88 33 88 69
4b66da17-8a4d-4dfd-b125-122c2ff7eb91 12/50/2021 2 86 64 43 56 66
451e9476-2b50-4e65-bb87-dc5aeae337f6 12/51/2021 2 33 35 85 45 31
c0d5ba51-64ac-4cde-9082-4c541f45706a 12/51/2021 1 76 47 16 40 29
